23.91196 33.27259 32.73087 39.62184 48.87556
37.93557 28.32144 27.94803 16.90253 22.2204
34.91874 31.18606 46.71895 67.79442 77.90051
71.79187 78.1063 78.81302 69.99897 99.87974
141.1338 97.85648 91.49966 118.7728 93.3005
98.1029 115.1911 158.0257 130.9678 107.8732
118.7267 169.2326 179.4406 212.9493 193.6029
203.0987 212.2321 190.2938 167.7195 196.3787
201.5739 126.3801 115.1233 134.519 131.8867
155.9797 175.436 211.9241 203.2594 213.0725
201.6985 197.4827 217.0753 188.3618 189.2225
226.3302 242.6427 287.5504 301.3634 333.2042
360.3839 330.9116 358.9396 367.8763 319.961
345.4157 293.2838 328.9681 297.1223 309.0757
284.8931 283.7713 271.9492 393.5186 356.0453
408.3142 331.7396 334.8627 356.3553 395.2256
494.5046 499.8295 498.2158 521.0369 492.5946
460.4833 458.2106 459.6728 522.559 578.557
646.669 613.6185 611.593 528.8676 580.9003
549.6999 647.3725 649.0979 649.6536 697.8044
619.6691 666.8694 684.172 666.4524 653.0559
595.2186 704.5872 773.6476 757.1175 682.7132
829.7805 793.8028 800.2596 815.465 777.0428
747.1409 786.1413 808.1263 777.226 864.8388
785.7184 943.3846 933.9845 953.1618 939.304
1000.074 1012.446 937.7652 969.5347 927.089
1004.001 1086.017 1032.435 1051.58 970.6288
967.6522 909.1034 935.1731 1163.435 1229.106
1232.455 1109.534 1108.264 993.8099 1035.673
1023.511 1077.057 1196.22 1210.787 1127.346
